200716 - 2557, 1000, 2558, 10950, 10951, 10952, 10953, 11021, 11022, 11718
200717 - 11719, 11720, 11721, 2741, 2742, 10172, 1001, 10998, 1008, 10869, 10430, 2588
200718 - 1330, 9498, 2753, 14681, 2884, 8393, 15552
200719 - 2741, 2742, 2438, 2439, 10871, 1110, 5543, 10817, 2523, 2446, 10996
200721 - 10818, 2562, 2577, 3052, 1546, 8958
200722 - 4344 + 블로그 글 작성
200725 - 15596, 4673, 1065, 11654, 10809, 2675, 1157
200727 - 1152
200729 - 2908, 5622, 2941, 1316, 1712


https://www.acmicpc.net/step/7

/*
https://www.acmicpc.net/problem/
*/
